-0.014616295401479799
-0.015118105967885518
-0.015604287306489596
-0.01607361318133425
-0.01652489512529197
-0.016956986106858755
-0.01736878407705481
-0.017759235384313822
-0.018127338045668077
-0.01847214486302347
-0.018792766373825733
-0.019088373625985654
-0.019358200767516695
-0.019601547441977972
-0.01981778098146333
-0.020006338389583326
-0.020166728107593655
-0.02029853155757925
-0.020401404457359464
-0.020475077902576626
-0.020519359212222886
0.9651042291303054
-0.020519359212222886
-0.020475077902576626
-0.020401404457359464
-0.02029853155757925
-0.020166728107593655
-0.020006338389583326
-0.01981778098146333
-0.019601547441977972
-0.019358200767516695
-0.019088373625985654
-0.018792766373825733
-0.01847214486302347
-0.018127338045668077
-0.017759235384313822
-0.01736878407705481
-0.016956986106858755
-0.01652489512529197
-0.01607361318133425
-0.015604287306489596
-0.015118105967885518
-0.014616295401479799
