b-Koeff: [ 0.99984731 -1.99961067  0.99984731] a-Koeff: [ 1.         -1.99961067  0.99969461]

b-Koeff: [ 0.99969466 -1.99905359  0.99969466] a-Koeff: [ 1.         -1.99905359  0.99938932]

b-Koeff: [ 0.99954206 -1.99832887  0.99954206] a-Koeff: [ 1.         -1.99832887  0.99908412]

b-Koeff: [ 0.99938951 -1.99743662  0.99938951] a-Koeff: [ 1.         -1.99743662  0.99877902]

b-Koeff: [ 0.999237   -1.99637697  0.999237  ] a-Koeff: [ 1.         -1.99637697  0.998474  ]

b-Koeff: [ 0.99908454 -1.99515004  0.99908454] a-Koeff: [ 1.         -1.99515004  0.99816908]

b-Koeff: [ 0.99893213 -1.99375601  0.99893213] a-Koeff: [ 1.         -1.99375601  0.99786425]

